[data]
Password = 393610314
Cash = 0
Admin = 0
Kills = 25
Deaths = 4
pX = 2073.125488
pY = 1315.866088
pZ = 11.324459
pAngle = 111.101776
pInterior = 0
pVirtualWorld = 0
pSkin = 0
pRace = 1
pVampireJump = 1
pEXPBarValue = 0.000000
pEXP = 0
pMaxEXP = 4
pMaxEXPBarValue = 4.000000
pHealth = 0.000000
