[Stats]
Password = ED9B9E3736911826D2889BE1CD796FEB85334B5C4FC92CFBD8A6B4D2AE581885D5B0EDD046A083DA11C38FA03308339E210EE18E78DB1A859C9D303E3EC66782
[position]
PositionX = 2023.902832
PositionY = 1345.048095
PositionZ = 10.812978
Angle = 221.575256
Interior = 0
VirtualWorld = 0
