[Stats]
Password = ED9B9E3736911826D2889BE1CD796FEB85334B5C4FC92CFBD8A6B4D2AE581885D5B0EDD046A083DA11C38FA03308339E210EE18E78DB1A859C9D303E3EC66782
[position]
PositionX = 2031.696411
PositionY = 1346.000244
PositionZ = 11.335623
Angle = 328.049652
Interior = 0
VirtualWorld = 0
Cash = 0
