[Stats]
Password = 6C6EE70311481BAE4F792F7919930F4EA71FC440A4F4F846EFEC076960EFAA78D7773C5DECDB599C740DEA6948F0A72A8AA77B6688A5CDCE1CB6922FD5C906DB
[position]
PositionX = 2034.927978
PositionY = 1342.235351
PositionZ = 10.820312
Angle = 225.962310
Interior = 0
VirtualWorld = 0
