[data]
Password = 205128316
Cash = 0
Admin = 0
Kills = 0
Deaths = 0
pX = 63.485794
pY = -176.314163
pZ = 1.214874
pAngle = 64.638320
pInterior = 0
pVirtualWorld = 0
pSkin = 0
pRace = 1
pVampireJump = 1
pEXPBarValue = 0.000000
pEXP = 2
pMaxEXP = 4
pMaxEXPBarValue = 0.000000
