[position]
PositionX = 50.000000
PositionY = 50.000000
PositionZ = 50.000000
Angle = 0.000000
Interior = 0
VirtualWorld = 0
