[Stats]
Password = ED9B9E3736911826D2889BE1CD796FEB85334B5C4FC92CFBD8A6B4D2AE581885D5B0EDD046A083DA11C38FA03308339E210EE18E78DB1A859C9D303E3EC66782
[position]
positionX = 1157556608.000000
positionY = 1151480832.000000
positionZ = 1093320704.000000
Angle = 1134309632.000000
Interior = 0
VirtualWorld = 0
Cash = 5
Skin = 1
