[data]
Password = 205128316
Cash = 11199
Admin = 0
Kills = 0
Deaths = 0
pX = 172.784851
pY = -153.254318
pZ = 4.890625
pAngle = 2.773399
pInterior = 0
pVirtualWorld = 0
pSkin = 0
pRace = 1
pVampireJump = 1
pEXPBarValue = 0.000000
pItem1 = 1
pItem2 = 1
pItem3 = 0
pItem4 = 1
pItem5 = 1
pItem6 = 1
pItem7 = 1
pItem8 = 0
pItem9 = 1
pItem10 = 1
pItem11 = 69
pItem12 = 109
pItem13 = 112
pItem14 = 116
pItem15 = 121
pItem16 = 0
pItem17 = 0
pItem18 = 0
pItem19 = 0
pItem20 = 1
