[Stats]
Password = ED9B9E3736911826D2889BE1CD796FEB85334B5C4FC92CFBD8A6B4D2AE581885D5B0EDD046A083DA11C38FA03308339E210EE18E78DB1A859C9D303E3EC66782
[position]
PositionX = 194.851104
PositionY = -72.330390
PositionZ = 1.429687
Angle = 64.870811
Interior = 0
VirtualWorld = 0
