[data]
Password = 205128316
Cash = 0
Admin = 0
Kills = 0
Deaths = 0
pX = 2005.377807
pY = 1258.179931
pZ = 10.820312
pAngle = 156.325454
pInterior = 0
pVirtualWorld = 0
pSkin = 0
pRace = 1
pVampireJump = 1
pEXPBarValue = 0.000000
pEXP = 0
pMaxEXP = 4
pMaxEXPBarValue = 0.000000
