[data]
Password = 205128316
Cash = 0
Admin = 0
Kills = 0
Deaths = 0
pX = 2102.268798
pY = 1305.177124
pZ = 10.820312
pAngle = 192.382598
pInterior = 0
pVirtualWorld = 0
pSkin = 0
pRace = 0
pVampireJump = 0
pEXPBarValue = 0.000000
pEXP = 2
pMaxEXP = 0
pMaxEXPBarValue = 0.000000
