[data]
Password = 205128316
Cash = 0
Admin = 0
Kills = 0
Deaths = 0
pX = 2108.470214
pY = 1334.740234
pZ = 10.820312
pAngle = 233.116073
pInterior = 0
pVirtualWorld = 0
pSkin = 0
pRace = 0
pVampireJump = 0
pEXPBarValue = 0.000000
pEXP = 2
pMaxEXP = 0
pMaxEXPBarValue = 0.000000
