[data]
Password = 205128316
Cash = 0
Admin = 0
Kills = 0
Deaths = 0
pX = 2166.687500
pY = 1239.258422
pZ = 10.820312
pAngle = 339.650665
pInterior = 0
pVirtualWorld = 2
pSkin = 0
pRace = 0
pVampireJump = 0
pEXPBarValue = 0.000000
pEXP = 0
pMaxEXP = 4
pMaxEXPBarValue = 4.000000
pHealth = 100.000000
