[data]
Password = 205128316
Cash = 200
Admin = 0
Kills = 0
Deaths = 0
pX = 2455.581298
pY = 1480.507934
pZ = 10.820312
pAngle = 352.064910
pInterior = 0
pVirtualWorld = 2
pSkin = 0
pRace = 1
pVampireJump = 0
pEXPBarValue = 0.000000
pEXP = 2
pMaxEXP = 4
pMaxEXPBarValue = 4.000000
