[data]
Password = 205128316
Cash = 0
Admin = 0
Kills = 0
Deaths = 0
pX = 40.556659
pY = -146.464523
pZ = 0.620382
pAngle = 179.203521
pInterior = 0
pVirtualWorld = 0
pSkin = 0
pRace = 1
pVampireJump = 1
pEXPBarValue = 0.000000
pEXP = 4
pMaxEXP = 4
pMaxEXPBarValue = 4.000000
pHealth = 100.000000
pArmour = 0.000000
