[data]
Password = 205128316
Cash = 0
Admin = 0
Kills = 0
Deaths = 0
pX = 1962.829589
pY = 1330.005004
pZ = 9.250097
pAngle = 198.022659
pInterior = 0
pVirtualWorld = 0
pSkin = 2
pRace = 0
pVampireJump = 0
pEXPBarValue = 0.000000
pEXP = 0
pMaxEXP = 4
pMaxEXPBarValue = 4.000000
pHealth = 100.000000
