[data]
Password = 205128316
Cash = 0
Admin = 0
Kills = 0
Deaths = 0
pX = 2092.106933
pY = 1249.072509
pZ = 10.820312
pAngle = 22.240932
pInterior = 0
pVirtualWorld = 0
pSkin = 0
pRace = 0
pVampireJump = 0
pEXPBarValue = 0.000000
pEXP = 2
pMaxEXP = 4
pMaxEXPBarValue = 4.000000
