[data]
Password = 205128316
Cash = 0
Admin = 0
Kills = 0
Deaths = 0
pX = 2105.702636
pY = 1110.465454
pZ = 10.820312
pAngle = 149.455307
pInterior = 0
pVirtualWorld = 0
pSkin = 0
pRace = 1
pVampireJump = 1
pEXPBarValue = 0.000000
pEXP = 0
pMaxEXP = 4
pMaxEXPBarValue = 4.000000
pHealth = 100.000000
