[data]
Password = 205128316
Cash = 800
Admin = 0
Kills = 0
Deaths = 0
pX = 170.265243
pY = -17.493272
pZ = 1.578125
pAngle = 211.478668
pInterior = 0
pVirtualWorld = 0
pSkin = 0
pRace = 1
pVampireJump = 1
pEXPBarValue = 0.000000
pEXP = 2
pMaxEXP = 4
pMaxEXPBarValue = 4.000000
