[data]
Password = 205128316
Cash = 0
Admin = 0
Kills = 0
Deaths = 0
pX = 0.000000
pY = 0.000000
pZ = 0.000000
pAngle = 0.000000
pInterior = 0
pVirtualWorld = 0
pSkin = 2
pRace = 0
pVampireJump = 0
pEXPBarValue = 0.000000
pEXP = 0
pMaxEXP = 4
pMaxEXPBarValue = 4.000000
pHealth = 100.000000
pArmour = 0.000000
