[data]
Password = 205128316
Cash = 700
Admin = 0
Kills = 4
Deaths = 25
pX = 2128.522460
pY = 854.708618
pZ = 6.734375
pAngle = 340.143218
pInterior = 0
pVirtualWorld = 0
pSkin = 0
pRace = 1
pVampireJump = 1
pEXPBarValue = 0.000000
pEXP = 3
pMaxEXP = 4
pMaxEXPBarValue = 4.000000
pHealth = 0.000000
