[Stats]
Password = ED9B9E3736911826D2889BE1CD796FEB85334B5C4FC92CFBD8A6B4D2AE581885D5B0EDD046A083DA11C38FA03308339E210EE18E78DB1A859C9D303E3EC66782
[position]
PositionX = 239.001159
PositionY = -164.786636
PositionZ = 1.578125
Angle = 228.533737
Interior = 0
VirtualWorld = 0
Cash = 100
Skin = 100
